A coupled cluster study of electron gas using intermediates. 
The system consist of 54 states and 14 holes. These values are chosen to compare results with Audun Skau Hansen's master thesis.
The results are presented in the following order: 
rs, Reference Energy, Niterations, all iterations CCDIntermediate results
1 1 13.6029 20 -0.417131367566 -0.272881369773 -0.337529556045 -0.309133499134 -0.321704465106 -0.316151343199 -0.318607553902 -0.31752162648 -0.318001850361 -0.31778950165 -0.317883404214 -0.317841880262 -0.317860242459 -0.317852122579 -0.317855713251 -0.317854125429 -0.317854827576 -0.317854517081 -0.317854654384 -0.317854593668 
1 0.7 13.6028580869 20 -0.291991957296 -0.311039749909 -0.315851737597 -0.317261868655 -0.317677505401 -0.317801242443 -0.317838408044 -0.317849659272 -0.317853089248 -0.317854141426 -0.317854466005 -0.31785456664 -0.317854597985 -0.317854607788 -0.317854610866 -0.317854611836 -0.317854612142 -0.317854612239 -0.31785461227 -0.31785461228 
1 0.3 13.6028580869 20 -0.12513941027 -0.200668513804 -0.24618317725 -0.273681394674 -0.290384524838 -0.30060503098 -0.306913211424 -0.310843923162 -0.313317879847 -0.314890952134 -0.315901377499 -0.316556799673 -0.316985921053 -0.317269322065 -0.317457975741 -0.317584458741 -0.317669800049 -0.317727704801 -0.317767185453 -0.317794217758 
0.5 1 58.5900422898 18 -0.41442457217 -0.347268542872 -0.361444647142 -0.358494550084 -0.359110743312 -0.358982031608 -0.35900892139 -0.359003303561 -0.35900447726 -0.359004232045 -0.359004283277 -0.359004272573 -0.359004274809 -0.359004274342 -0.35900427444 -0.359004274419 -0.359004274423 -0.359004274422 
0.5 0.7 58.5900422898 20 -0.290097200519 -0.344740706381 -0.355724719487 -0.358173612983 -0.358778087237 -0.358939708864 -0.358985313201 -0.358998612851 -0.35900256728 -0.359003756519 -0.359004116661 -0.359004226222 -0.359004259661 -0.359004269892 -0.35900427303 -0.359004273994 -0.35900427429 -0.359004274382 -0.35900427441 -0.359004274419 
0.5 0.3 58.5900422898 20 -0.124327371651 -0.205535689197 -0.25855199269 -0.293171559758 -0.315795289081 -0.330596499083 -0.340293474201 -0.34665655124 -0.35083923938 -0.353593801764 -0.355411407509 -0.356613201192 -0.357409488966 -0.35793822781 -0.358290079341 -0.358524737644 -0.358681584995 -0.358786656569 -0.358857200176 -0.35890466674 
2 1 2.87838827892 20 -0.422911569581 -0.091934315571 -0.409996681886 -0.106778425012 -0.397585264929 -0.119669039338 -0.386467453052 -0.131263537654 -0.37633647942 -0.141777843732 -0.367068042367 -0.151344153569 -0.358571784752 -0.16006684937 -0.350772793867 -0.168033795393 -0.343606401793 -0.175320634772 -0.337015811213 -0.181993268861 
2 0.7 2.87838827892 20 -0.296038098707 -0.231629739025 -0.265566099983 -0.255504150071 -0.259941932081 -0.258484319912 -0.259083670777 -0.258877289045 -0.258959247492 -0.258930297025 -0.258941568735 -0.258937525691 -0.258939080534 -0.258938517259 -0.258938732107 -0.258938653743 -0.258938683462 -0.258938672569 -0.258938676683 -0.25893867517 
2 0.3 2.87838827892 20 -0.126873470874 -0.189736546984 -0.220933217069 -0.236937544527 -0.245572927201 -0.250497795974 -0.253453618832 -0.255302915031 -0.256496264777 -0.257283216546 -0.257809849239 -0.258165752094 -0.258407866689 -0.258573321695 -0.258686755564 -0.258764712479 -0.25881838998 -0.258855408021 -0.258880971829 -0.258898647119 
