A coupled cluster study of electron gas using blocks. 
The system consist of 54 states and 14 holes. These values are chosen to compare results with Audun Skau Hansen's master thesis.
The results are presented in the following order: 
rs, weight, Reference Energy, Niterations, all iterations CCDIntermediate results
1 1 13.6029 34 -0.417131367566 -0.272881369773 -0.337529556045 -0.309133499134 -0.321704465106 -0.316151343199 -0.318607553902 -0.31752162648 -0.318001850361 -0.31778950165 -0.317883404214 -0.317841880262 -0.317860242459 -0.317852122579 -0.317855713251 -0.317854125429 -0.317854827576 -0.317854517081 -0.317854654384 -0.317854593668 -0.317854620517 -0.317854608644 -0.317854613894 -0.317854611573 -0.317854612599 -0.317854612145 -0.317854612346 -0.317854612257 -0.317854612297 -0.317854612279 -0.317854612287 -0.317854612284 -0.317854612285 -0.317854612284 
1 0.7 13.6028580869 23 -0.291991957296 -0.311039749909 -0.315851737597 -0.317261868655 -0.317677505401 -0.317801242443 -0.317838408044 -0.317849659272 -0.317853089248 -0.317854141426 -0.317854466005 -0.31785456664 -0.317854597985 -0.317854607788 -0.317854610866 -0.317854611836 -0.317854612142 -0.317854612239 -0.31785461227 -0.31785461228 -0.317854612283 -0.317854612284 -0.317854612284 
1 0.3 13.6028580869 50 -0.12513941027 -0.200668513804 -0.24618317725 -0.273681394674 -0.290384524838 -0.30060503098 -0.306913211424 -0.310843923162 -0.313317879847 -0.314890952134 -0.315901377499 -0.316556799673 -0.316985921053 -0.317269322065 -0.317457975741 -0.317584458741 -0.317669800049 -0.317727704801 -0.317767185453 -0.317794217758 -0.317812793806 -0.31782559846 -0.31783444817 -0.317840578255 -0.317844832624 -0.317847790038 -0.317849848741 -0.317851283547 -0.317852284559 -0.317852983547 -0.317853472016 -0.317853813599 -0.31785405261 -0.317854219939 -0.317854337139 -0.317854419263 -0.317854476833 -0.317854517204 -0.317854545524 -0.317854565396 -0.317854579344 -0.317854589138 -0.317854596016 -0.317854600848 -0.317854604242 -0.317854606628 -0.317854608306 -0.317854609485 -0.317854610314 -0.317854610898 
0.5 1 58.5900422898 18 -0.41442457217 -0.347268542872 -0.361444647142 -0.358494550084 -0.359110743312 -0.358982031608 -0.35900892139 -0.359003303561 -0.35900447726 -0.359004232045 -0.359004283277 -0.359004272573 -0.359004274809 -0.359004274342 -0.35900427444 -0.359004274419 -0.359004274423 -0.359004274422 
0.5 0.7 58.5900422898 22 -0.290097200519 -0.344740706381 -0.355724719487 -0.358173612983 -0.358778087237 -0.358939708864 -0.358985313201 -0.358998612851 -0.35900256728 -0.359003756519 -0.359004116661 -0.359004226222 -0.359004259661 -0.359004269892 -0.35900427303 -0.359004273994 -0.35900427429 -0.359004274382 -0.35900427441 -0.359004274419 -0.359004274421 -0.359004274422 
0.5 0.3 58.5900422898 50 -0.124327371651 -0.205535689197 -0.25855199269 -0.293171559758 -0.315795289081 -0.330596499083 -0.340293474201 -0.34665655124 -0.35083923938 -0.353593801764 -0.355411407509 -0.356613201192 -0.357409488966 -0.35793822781 -0.358290079341 -0.358524737644 -0.358681584995 -0.358786656569 -0.358857200176 -0.35890466674 -0.358936675208 -0.358958306098 -0.358972954765 -0.358982895413 -0.358989654682 -0.358994259649 -0.358997402806 -0.358999552059 -0.359001024233 -0.359002034294 -0.359002728391 -0.359003206075 -0.359003535289 -0.359003762484 -0.359003919472 -0.359004028077 -0.359004103295 -0.359004155445 -0.359004191636 -0.359004216776 -0.359004234253 -0.359004246414 -0.359004254882 -0.359004260782 -0.359004264895 -0.359004267765 -0.359004269769 -0.359004271168 -0.359004272145 -0.359004272829 
2 1 2.87838827892 50 -0.422911569581 -0.091934315571 -0.409996681886 -0.106778425012 -0.397585264929 -0.119669039338 -0.386467453052 -0.131263537654 -0.37633647942 -0.141777843732 -0.367068042367 -0.151344153569 -0.358571784752 -0.16006684937 -0.350772793867 -0.168033795393 -0.343606401793 -0.175320634772 -0.337015811213 -0.181993268861 -0.33095064036 -0.188109586699 -0.325365887697 -0.193720771398 -0.320221139696 -0.198872324884 -0.31547994157 -0.20360488911 -0.311109286459 -0.2079549138 -0.307079194547 -0.211955205664 -0.303362362111 -0.215635384609 -0.299933865841 -0.219022266132 -0.296770911322 -0.222140184545 -0.293852617176 -0.225011268321 -0.291159828243 -0.227655676425 -0.288674952644 -0.230091802525 -0.286381818642 -0.232336452625 -0.284265548072 -0.234405000472 -0.282312443754 -0.236311524289 
2 0.7 2.87838827892 28 -0.296038098707 -0.231629739025 -0.265566099983 -0.255504150071 -0.259941932081 -0.258484319912 -0.259083670777 -0.258877289045 -0.258959247492 -0.258930297025 -0.258941568735 -0.258937525691 -0.258939080534 -0.258938517259 -0.258938732107 -0.258938653743 -0.258938683462 -0.258938672569 -0.258938676683 -0.25893867517 -0.25893867574 -0.25893867553 -0.258938675609 -0.258938675579 -0.25893867559 -0.258938675586 -0.258938675588 -0.258938675587 
2 0.3 2.87838827892 50 -0.126873470874 -0.189736546984 -0.220933217069 -0.236937544527 -0.245572927201 -0.250497795974 -0.253453618832 -0.255302915031 -0.256496264777 -0.257283216546 -0.257809849239 -0.258165752094 -0.258407866689 -0.258573321695 -0.258686755564 -0.258764712479 -0.25881838998 -0.258855408021 -0.258880971829 -0.258898647119 -0.258910881811 -0.258919359416 -0.258925239484 -0.258929321744 -0.258932158428 -0.258934131297 -0.258935504546 -0.258936461192 -0.25893712814 -0.258937593472 -0.258937918372 -0.258938145381 -0.258938304104 -0.258938415154 -0.258938492901 -0.258938547365 -0.258938585543 -0.25893861232 -0.258938631111 -0.258938644305 -0.258938653575 -0.25893866009 -0.258938664673 -0.258938667896 -0.258938670166 -0.258938671764 -0.25893867289 -0.258938673684 -0.258938674243 -0.258938674638 
