A coupled cluster study of neutrom matter using a parallel code with blocks implementation for different amount of states
The results are presented in the following order: 
density [n], States, Occupied States, weight, Reference Energy, Iterations, time spent initiate, time spent iterating, CCD correlation Energy, total energy per particle
0.025 730 14 0.3 100.791 45 25.9634 402.703 -3.08804 6.97877
0.05 730 14 0.3 141.966 46 25.3868 408.508 -4.36469 9.82866
0.075 730 14 0.3 169.455 45 24.9685 394.427 -5.03973 11.744
0.1 730 14 0.3 189.298 45 25.2135 391.422 -5.37336 13.1375
0.125 730 14 0.3 203.999 45 25.2379 401.045 -5.53821 14.1758
0.15 730 14 0.3 214.905 46 24.4955 384.55 -5.63327 14.948
0.175 730 14 0.3 222.845 46 24.6379 387.847 -5.71384 15.5094
0.2 730 14 0.3 228.374 47 24.5812 411.393 -5.81186 15.8973
0.225 730 14 0.3 231.888 47 24.4849 395.983 -5.94651 16.1387
0.25 730 14 0.3 233.682 48 24.8564 403.538 -6.12936 16.2537
0.275 730 14 0.3 233.981 48 24.7754 403.744 -6.36686 16.2581
0.3 730 14 0.3 232.965 48 24.9116 418.876 -6.66177 16.1645
0.325 730 14 0.3 230.778 47 24.6675 396.279 -7.01405 15.9831
0.35 730 14 0.3 227.539 48 24.6312 407.503 -7.42155 15.7226
