A coupled cluster study of neutrom matter using a parallel code with blocks implementation for different amount of states
The results are presented in the following order: 
density [n], States, Occupied States, weight, Reference Energy, Iterations, time spent initiate, time spent iterating, CCD correlation Energy, total energy per particle
0.025 730 38 0.3 252.67 47 293.217 1414.03 -5.66827 6.50005
0.05 730 38 0.3 352.152 50 280.596 1399.46 -8.71488 9.03782
0.075 730 38 0.3 416.467 51 281.408 1451.55 -11.7839 10.6496
0.1 730 38 0.3 461.132 50 281.174 1400.58 -14.3951 11.7562
0.125 730 38 0.3 492.587 50 285.179 1499.08 -16.4765 12.5292
0.15 730 38 0.3 514.289 49 283.95 1374.21 -18.0674 13.0585
0.175 730 38 0.3 528.369 49 285.98 1488.12 -19.2377 13.3982
0.2 730 38 0.3 536.254 48 283.104 1345.14 -20.0627 13.584
0.225 730 38 0.3 538.961 48 284.041 1440.36 -20.6142 13.6407
0.25 730 38 0.3 537.247 48 282.415 1347.07 -20.9552 13.5866
0.275 730 38 0.3 531.694 48 283.726 1458.69 -21.1395 13.4356
0.3 730 38 0.3 522.761 48 284.66 1345.7 -21.2113 13.1987
0.325 730 38 0.3 510.819 48 283.037 1440.86 -21.2057 12.8846
0.35 730 38 0.3 496.174 48 282.664 1345.59 -21.1505 12.5006
