A coupled cluster study of neutrom matter using a parallel code with blocks implementation for different amount of states
The results are presented in the following order: 
density [n], States, Occupied States, weight, Reference Energy, Iterations, time spent initiate, time spent iterating, CCD correlation Energy, total energy per particle
0.025 502 54 0.3 360.179 46 366.106 821.93 -6.97708 6.54078
0.05 502 54 0.3 502.207 47 367.03 842.434 -8.9616 9.13417
0.075 502 54 0.3 594.154 47 364.72 821.092 -11.2211 10.7951
0.1 502 54 0.3 658.119 47 366.776 842.322 -13.514 11.9371
0.125 502 54 0.3 703.271 47 366.833 841.715 -15.6664 12.7334
0.15 502 54 0.3 734.535 47 367.109 843.334 -17.6131 13.2763
0.175 502 54 0.3 754.944 47 365.784 826.263 -19.342 13.6223
0.2 502 54 0.3 766.531 47 367.61 842.928 -20.8646 13.8086
0.225 502 54 0.3 770.745 48 364.296 840.581 -22.2029 13.8619
0.25 502 54 0.3 768.663 48 365.325 843.18 -23.3824 13.8015
0.275 502 54 0.3 761.113 48 366.127 857.667 -24.4285 13.6423
0.3 502 54 0.3 748.749 48 364.894 843.151 -25.3647 13.396
0.325 502 54 0.3 732.101 48 366.063 857.337 -26.2118 13.072
0.35 502 54 0.3 711.604 49 365.278 855.457 -26.9874 12.6781
