A coupled cluster study of electron gas using a parallel code with blocks implementation for different amount of states
The results are presented in the following order: 
density [n], States, Occupied States, weight, Reference Energy, Iterations, time spent initiate, time spent iterating, CCD correlation Energy, total energy per particle
0.2 38 14 0.3 228.374 46 0.228649 0.628826 -1.38296 16.2137
0.2 54 14 0.3 228.374 47 0.431214 1.39839 -2.39191 16.1416
0.2 66 14 0.3 228.374 46 0.575054 2.0078 -2.55048 16.1303
0.2 114 14 0.3 228.374 46 1.41175 6.37292 -3.76101 16.0438
0.2 162 14 0.3 228.374 47 2.50298 15.4405 -5.15527 15.9442
0.2 186 14 0.3 228.374 47 3.13814 20.5167 -5.33437 15.9314
0.2 246 14 0.3 228.374 47 4.70409 37.2134 -5.54809 15.9161
0.2 294 14 0.3 228.374 47 6.04534 56.3503 -5.71847 15.904
0.2 342 14 0.3 228.374 47 7.59475 76.1885 -5.78783 15.899
0.2 358 14 0.3 228.374 47 8.22027 83.9008 -5.79072 15.8988
0.2 406 14 0.3 228.374 47 9.91164 115.319 -5.80122 15.8981
0.2 502 14 0.3 228.374 47 13.7133 182.87 -5.80896 15.8975
0.2 514 14 0.3 228.374 47 14.3069 195.709 -5.80984 15.8974
0.2 610 14 0.3 228.374 47 18.3657 277.627 -5.81131 15.8973
0.2 682 14 0.3 228.374 47 21.8556 344.289 -5.81184 15.8973
0.2 730 14 0.3 228.374 47 24.259 398.465 -5.81186 15.8973
0.2 778 14 0.3 228.374 47 26.886 474.988 -5.81191 15.8973
0.2 874 14 0.3 228.374 47 32.8428 600.01 -5.81195 15.8973
0.2 922 14 0.3 228.374 47 35.3026 667.53 -5.81195 15.8973
0.2 970 14 0.3 228.374 47 38.5822 749.764 -5.81195 15.8973
0.2 1030 14 0.3 228.374 47 42.5492 870.504 -5.81195 15.8973
0.2 1174 14 0.3 228.374 47 52.7475 1114.62 -5.81195 15.8973
0.2 1238 14 0.3 228.374 47 57.6769 1282.11 -5.81195 15.8973
0.2 1382 14 0.3 228.374 47 70.5361 1569.52 -5.81196 15.8973
0.2 1478 14 0.3 228.374 47 81.0249 1888.25 -5.81196 15.8973
0.2 1502 14 0.3 228.374 47 81.6596 1875.51 -5.81196 15.8973
0.2 1598 14 0.3 228.374 47 91.6928 2219.81 -5.81196 15.8973
