A coupled cluster study of electron gas using intermediates. 
The system consist of 54 states and 14 holes. These values are chosen to compare results with Audun Skau Hansen's master thesis.
The results are presented in the following order: 
rs, Reference Energy, Niterations, all iterations CCDIntermediate results
1 1 13.6036 20 -0.417081725296 -0.272861684059 -0.337490832722 -0.309105576059 -0.321670668303 -0.316120619733 -0.318575258319 -0.317490119759 -0.317969953248 -0.317757795516 -0.317851605509 -0.317810126081 -0.317828467002 -0.317820357232 -0.317823943123 -0.317822357553 -0.317823058643 -0.317822748642 -0.317822885715 -0.317822825106 
1 0.7 13.6035573356 20 -0.291957207707 -0.311008659181 -0.315820165808 -0.317230156451 -0.317645753388 -0.317769478815 -0.31780664096 -0.317817891143 -0.317821320798 -0.317822372876 -0.317822697424 -0.317822798049 -0.31782282939 -0.317822839193 -0.317822842271 -0.31782284324 -0.317822843546 -0.317822843644 -0.317822843674 -0.317822843684 
1 0.3 13.6035573356 20 -0.125124517589 -0.200645637347 -0.246156102118 -0.27365213343 -0.290354127282 -0.300574038477 -0.306881901826 -0.310812439441 -0.313286296448 -0.314859308743 -0.315869696068 -0.316525092962 -0.316954196906 -0.317237585578 -0.317426230384 -0.317552706954 -0.317638043589 -0.317695944944 -0.317735423131 -0.317762453654 
0.5 1 58.5926749683 18 -0.414375476582 -0.347233032578 -0.361405079548 -0.358456073443 -0.359071987235 -0.358943344666 -0.358970217756 -0.358964603884 -0.358965776658 -0.358965531656 -0.358965582839 -0.358965572147 -0.358965574381 -0.358965573914 -0.358965574011 -0.358965573991 -0.358965573995 -0.358965573994 
0.5 0.7 58.5926749683 20 -0.290062833607 -0.344702541903 -0.355686137516 -0.358134953755 -0.358739401995 -0.358901013758 -0.35894661455 -0.358959912998 -0.358963867034 -0.358965056148 -0.35896541625 -0.358965525799 -0.358965559234 -0.358965569465 -0.358965572602 -0.358965573566 -0.358965573862 -0.358965573954 -0.358965573982 -0.358965573991 
0.5 0.3 58.5926749683 20 -0.124312642975 -0.205511811286 -0.258522453323 -0.293138524704 -0.315760097531 -0.330559977033 -0.340256130465 -0.346618699151 -0.350801071985 -0.35355543815 -0.35537292128 -0.356574637963 -0.357370877103 -0.357899585027 -0.358251416756 -0.358486062277 -0.358642901308 -0.358747967418 -0.358818507405 -0.358865971549 
2 1 2.87858363064 20 -0.422860733618 -0.0919555354457 -0.409922046093 -0.106823096814 -0.397491101387 -0.119732740531 -0.386357176075 -0.131342533839 -0.37621306123 -0.141868978033 -0.366934048612 -0.151444755321 -0.358429434265 -0.160174651967 -0.350624008664 -0.16814687029 -0.343452847889 -0.175437338873 -0.336858932171 -0.182112202127 
2 0.7 2.87858363064 20 -0.296002513532 -0.231616249031 -0.26553846498 -0.255483344238 -0.259917863509 -0.258461703542 -0.259060417989 -0.258854307002 -0.258936151535 -0.258907248205 -0.258918500555 -0.258914465377 -0.258916017041 -0.258915455041 -0.25891566938 -0.258915591217 -0.258915620857 -0.258915609996 -0.258915614097 -0.258915612589 
2 0.3 2.87858363064 20 -0.126858220085 -0.189716018542 -0.220911133265 -0.236915043027 -0.245550290209 -0.250475075675 -0.253430823809 -0.255280053221 -0.256473347798 -0.257260256944 -0.257786858232 -0.258142738684 -0.258384837638 -0.258550281877 -0.258663708401 -0.258741660333 -0.258795334463 -0.258832350226 -0.258857912495 -0.258875586745 
