A coupled cluster study of electron gas using a parallel code with blocks implementation for different amount of states
The results are presented in the following order: 
Shells, States, Occupied States, weight, rs, Reference Energy, Iterations, time spent initiate, time spent iterating, CCD Energy
3 38 38 0.3 1 31.4788352 0 0.00599316694 2.86439899e-05 0
4 54 38 0.3 1 31.4788352 38 0.591941986 0.666285139 -0.252944115
5 66 38 0.3 1 31.4788352 41 1.13795223 1.73666644 -0.370737565
6 114 38 0.3 1 31.4788352 48 5.2555422 11.7748958 -0.871764141
7 162 38 0.3 1 31.4788352 50 12.0663259 30.5751482 -1.13154477
8 162 38 0.3 1 31.4788352 50 11.6821311 31.3776584 -1.13154477
9 186 38 0.3 1 31.4788352 51 16.1702285 44.8372223 -1.19804172
10 246 38 0.3 1 31.4788352 51 27.934455 87.3315488 -1.29346208
11 294 38 0.3 1 31.4788352 51 39.3977735 134.694722 -1.34391772
12 342 38 0.3 1 31.4788352 52 49.9054314 192.72211 -1.38535934
13 358 38 0.3 1 31.4788352 52 54.2925827 211.900255 -1.39471117
14 406 38 0.3 1 31.4788352 52 66.6619442 284.864487 -1.41770717
15 502 38 0.3 1 31.4788352 51 97.287533 454.416034 -1.45075296
16 502 38 0.3 1 31.4788352 51 97.3307771 450.423635 -1.45075296
17 514 38 0.3 1 31.4788352 51 102.886679 474.716229 -1.45292878
18 610 38 0.3 1 31.4788352 51 138.087142 690.972248 -1.46803297
19 682 38 0.3 1 31.4788352 51 162.741014 924.522497 -1.47722483
20 730 38 0.3 1 31.4788352 51 181.591372 1073.02899 -1.4823711
21 778 38 0.3 1 31.4788352 51 210.598662 1203.23329 -1.48652184
