A coupled cluster study of electron gas using a parallel code with blocks implementation for different amount of states
The results are presented in the following order: 
Shells, States, Occupied States, weight, rs, Reference Energy, Iterations, time spent initiate, time spent iterating, CCD Energy
3 38 14 0.3 1 13.60355733556576 83 0.1520487549714744 0.8346269109752029 -0.2764993874198891
4 54 14 0.3 1 13.60355733556576 94 0.2149121528491378 1.864212728105485 -0.3178228436888623
5 66 14 0.3 1 13.60355733556576 91 0.2899567908607423 2.56707647186704 -0.3926965898061107
6 114 14 0.3 1 13.60355733556576 89 0.767454344779253 8.116548513993621 -0.4479105961756186
7 162 14 0.3 1 13.60355733556576 93 1.576015803031623 18.87779519287869 -0.4805572589305355
8 162 14 0.3 1 13.60355733556576 93 1.492372645996511 18.43456143001094 -0.4805572589305355
9 186 14 0.3 1 13.60355733556576 92 1.885661164065823 25.26872438611463 -0.485522931752024
10 246 14 0.3 1 13.60355733556576 93 2.949926868081093 44.91346042207442 -0.4929245740022884
11 294 14 0.3 1 13.60355733556576 91 4.208261095918715 62.71364292106591 -0.4984909094065706
12 342 14 0.3 1 13.60355733556576 90 5.038244255119935 85.45138324983418 -0.5019526761546665
13 358 14 0.3 1 13.60355733556576 91 5.386520340107381 102.000905062072 -0.502519673607531
14 406 14 0.3 1 13.60355733556576 94 7.411008676048368 140.1961241918616 -0.5041428350345967
15 502 14 0.3 1 13.60355733556576 92 9.683018248062581 196.7376224689651 -0.5065799526613661
16 502 14 0.3 1 13.60355733556576 93 9.315361037151888 201.8560598751064 -0.5065799526613661
17 514 14 0.3 1 13.60355733556576 97 9.772230254951864 219.6149819809943 -0.506781381408595
18 610 14 0.3 1 13.60355733556576 93 12.98629241413437 295.8652309600729 -0.5080057508848216
19 682 14 0.3 1 13.60355733556576 88 15.6405888160225 345.1561197570991 -0.508790105475187
20 730 14 0.3 1 13.60355733556576 92 17.54804310598411 420.9139523021877 -0.5091947506339534
21 778 14 0.3 1 13.60355733556576 92 19.81950442586094 484.4313765491825 -0.5095611843519957
22 874 14 0.3 1 13.60355733556576 96 25.01682636397891 653.3872909550555 -0.5101903217890488
23 922 14 0.3 1 13.60355733556576 93 27.65901436889544 719.1592282620259 -0.5104161052302821
24 922 14 0.3 1 13.60355733556576 96 27.10416091303341 742.4301657180768 -0.5104161052302822
25 970 14 0.3 1 13.60355733556576 91 29.48898503114469 785.5105372618418 -0.5106074895685655
26 1030 14 0.3 1 13.60355733556576 91 32.92995349201374 884.1416826448403 -0.5107995654154656
27 1174 14 0.3 1 13.60355733556576 94 42.18818615493365 1211.622598915128 -0.5112320650408912
28 1238 14 0.3 1 13.60355733556576 96 46.63743042689748 1379.772992560174 -0.5113982335227244
29 1238 14 0.3 1 13.60355733556576 93 45.7781748000998 1318.656262721866 -0.5113982335227241
30 1382 14 0.3 1 13.60355733556576 91 57.23675078107044 1646.853657169966 -0.5116958244764185
31 1478 14 0.3 1 13.60355733556576 93 68.98712580115534 1932.075448166812 -0.5118827825222959
32 1478 14 0.3 1 13.60355733556576 92 64.62326055089943 1903.269906817935 -0.5118827825222959
33 1502 14 0.3 1 13.60355733556576 90 66.17118927603588 1927.405181461014 -0.5119149735422388
34 1598 14 0.3 1 13.60355733556576 93 76.66360173304565 2239.808081371943 -0.5120443934671698
35 1694 14 0.3 1 13.60355733556576 94 85.26870821299963 2552.329245849978 -0.5121557267165306
