A coupled cluster study of electron gas using a parallel code with blocks implementation for different amount of states
The results are presented in the following order: 
Shells, States, Occupied States, weight, rs, Reference Energy, Iterations, time spent initiate, time spent iterating, CCD Energy
3 38 14 0.3 1 13.6035573356 63 0.177393630845 0.913628265029 -0.276499387418
4 54 14 0.3 1 13.6035573356 68 0.245329211932 1.63602953497 -0.317822843687
5 66 14 0.3 1 13.6035573356 67 0.31996949506 1.97996034613 -0.393111684222
6 114 14 0.3 1 13.6035573356 65 0.823819543002 5.97267774888 -0.448370339677
7 162 14 0.3 1 13.6035573356 67 1.54330844013 13.3785266981 -0.480598577044
8 162 14 0.3 1 13.6035573356 67 1.51311829989 13.557888783 -0.480598577044
9 186 14 0.3 1 13.6035573356 67 1.95447338908 18.8048932119 -0.48574931126
10 246 14 0.3 1 13.6035573356 66 2.99687166605 33.032425116 -0.493104480852
11 294 14 0.3 1 13.6035573356 66 4.0538049459 47.8014402331 -0.498888247804
12 342 14 0.3 1 13.6035573356 66 5.22708682413 65.7028345561 -0.502383801567
13 358 14 0.3 1 13.6035573356 66 5.69608358084 74.7784362589 -0.502945598665
14 406 14 0.3 1 13.6035573356 66 7.20726759802 102.237943492 -0.504575939668
15 502 14 0.3 1 13.6035573356 66 10.2210386221 159.429983503 -0.507014195522
16 502 14 0.3 1 13.6035573356 66 10.3833539321 166.476609587 -0.507014195522
17 514 14 0.3 1 13.6035573356 66 10.848012574 171.572414398 -0.507218712144
18 610 14 0.3 1 13.6035573356 66 14.0059728969 239.380315834 -0.508445533013
19 682 14 0.3 1 13.6035573356 66 18.3375430841 341.446089651 -0.509231418335
20 730 14 0.3 1 13.6035573356 66 20.210143717 396.02818241 -0.5096360642
21 778 14 0.3 1 13.6035573356 66 22.8201801642 401.297978282 -0.510002901533
22 874 14 0.3 1 13.6035573356 66 26.389618044 525.510627299 -0.510632242548
23 922 14 0.3 1 13.6035573356 66 30.6580567961 656.613689326 -0.510857709417
24 922 14 0.3 1 13.6035573356 66 30.8474524289 590.422668797 -0.510857709417
25 970 14 0.3 1 13.6035573356 66 32.1688245519 666.366743443 -0.511049000484
26 1030 14 0.3 1 13.6035573356 66 36.4860040362 710.48738428 -0.51124114303
27 1174 14 0.3 1 13.6035573356 66 44.6899514699 931.965487118 -0.511673707676
28 1238 14 0.3 1 13.6035573356 66 49.919568419 1068.27751248 -0.511839869839
29 1238 14 0.3 1 13.6035573356 66 50.0964470259 1128.98698008 -0.511839869839
30 1382 14 0.3 1 13.6035573356 66 63.2868761769 1397.71453601 -0.512137355206
31 1478 14 0.3 1 13.6035573356 66 73.3683470848 1504.44905218 -0.512324293876
