A coupled cluster study of electron gas using a parallel code with blocks implementation for different amount of states
The results are presented in the following order: 
Shells, States, Occupied States, weight, rs, Reference Energy, Iterations, time spent initiate, time spent iterating, CCD Energy
3 38 38 0.3 1 31.4788352 0 0.000277222134 1.39339827e-05 0
4 54 54 0.3 1 43.3122809 0 0.00015046075 1.11232512e-05 0
5 66 66 0.3 1 55.1358367 0 0.000286764 1.18124299e-05 0
6 114 66 0.3 1 55.1358367 43 7.82967117 10.7806946 -0.692130503
7 162 66 0.3 1 55.1358367 49 24.530557 45.3609041 -1.51007005
8 162 66 0.3 1 55.1358367 49 25.4472729 46.9052156 -1.51007005
9 186 66 0.3 1 55.1358367 50 36.3089321 68.8841592 -1.6512965
10 246 66 0.3 1 55.1358367 52 72.2060827 158.181274 -2.01158657
11 294 66 0.3 1 55.1358367 53 115.049951 264.649128 -2.23052988
12 342 66 0.3 1 55.1358367 53 158.073716 385.082585 -2.372741
13 358 66 0.3 1 55.1358367 54 171.458225 454.415997 -2.40766203
14 406 66 0.3 1 55.1358367 54 226.851817 605.816283 -2.48442087
15 502 66 0.3 1 55.1358367 54 330.292754 982.262464 -2.61023699
17 514 66 0.3 1 55.1358367 54 326.149296 1011.19238 -2.62135316
