A coupled cluster study of electron gas using a parallel code with blocks implementation for different amount of states
The results are presented in the following order: 
Shells, States, Occupied States, weight, rs, Reference Energy, Iterations, time spent initiate, time spent iterating, CCD Energy
4 54 54 0.3 1 43.3122809 0 0.0116473562 3.93278897e-05 0
5 66 54 0.3 1 43.3122809 40 0.524555604 0.745223776 -0.0421954494
6 114 54 0.3 1 43.3122809 49 7.74117555 13.9948953 -0.524183851
7 162 54 0.3 1 43.3122809 51 19.8624037 40.4835533 -1.16644846
8 162 54 0.3 1 43.3122809 51 19.8552101 40.7287609 -1.16644846
9 186 54 0.3 1 43.3122809 52 28.1146225 62.4671833 -1.29585369
10 246 54 0.3 1 43.3122809 53 50.0346113 125.855905 -1.53905245
11 294 54 0.3 1 43.3122809 53 93.1695959 242.027853 -1.63508823
12 342 54 0.3 1 43.3122809 54 119.171774 340.367274 -1.71780253
13 358 54 0.3 1 43.3122809 54 132.554146 344.700976 -1.74678467
14 406 54 0.3 1 43.3122809 54 139.100097 437.329977 -1.79566209
15 502 54 0.3 1 43.3122809 54 206.782322 710.77375 -1.87835721
17 514 54 0.3 1 43.3122809 54 210.955204 747.408503 -1.88337624
18 610 54 0.3 1 43.3122809 54 295.122176 1113.60155 -1.92179323
19 682 54 0.3 1 43.3122809 54 362.84304 15545.0285 -1.9446975
20 730 54 0.3 1 43.3122809 54 410.434567 50086.3036 -1.95772367
