A comparison of results computed with 1. order CCD equations and MBPT 2. order. These should be equal by construct. Benchmark for CCD Naive.
The system consist of 4 shells, and 4 hole states. 
I have used 201 values of g, equally spaced, ranging from -1 to 1
Below are the reference energy and calculated correlation energies in following order
g, Reference energy, Naive CCD 1. order, MBPT 2. order, MBPT 2. order exact
-1 3 -0.466667 -0.466667 -0.466667
-0.99 2.99 -0.454314 -0.454314 -0.454314
-0.98 2.98 -0.442227 -0.442227 -0.442227
-0.97 2.97 -0.430402 -0.430402 -0.430402
-0.96 2.96 -0.418832 -0.418832 -0.418832
-0.95 2.95 -0.40751 -0.40751 -0.40751
-0.94 2.94 -0.396431 -0.396431 -0.396431
-0.93 2.93 -0.385591 -0.385591 -0.385591
-0.92 2.92 -0.374982 -0.374982 -0.374982
-0.91 2.91 -0.364601 -0.364601 -0.364601
-0.9 2.9 -0.354442 -0.354442 -0.354442
-0.89 2.89 -0.344501 -0.344501 -0.344501
-0.88 2.88 -0.334772 -0.334772 -0.334772
-0.87 2.87 -0.325252 -0.325252 -0.325252
-0.86 2.86 -0.315936 -0.315936 -0.315936
-0.85 2.85 -0.306821 -0.306821 -0.306821
-0.84 2.84 -0.297901 -0.297901 -0.297901
-0.83 2.83 -0.289173 -0.289173 -0.289173
-0.82 2.82 -0.280633 -0.280633 -0.280633
-0.81 2.81 -0.272277 -0.272277 -0.272277
-0.8 2.8 -0.264103 -0.264103 -0.264103
-0.79 2.79 -0.256105 -0.256105 -0.256105
-0.78 2.78 -0.248282 -0.248282 -0.248282
-0.77 2.77 -0.24063 -0.24063 -0.24063
-0.76 2.76 -0.233145 -0.233145 -0.233145
-0.75 2.75 -0.225824 -0.225824 -0.225824
-0.74 2.74 -0.218665 -0.218665 -0.218665
-0.73 2.73 -0.211665 -0.211665 -0.211665
-0.72 2.72 -0.20482 -0.20482 -0.20482
-0.71 2.71 -0.198128 -0.198128 -0.198128
-0.7 2.7 -0.191586 -0.191586 -0.191586
-0.69 2.69 -0.185192 -0.185192 -0.185192
-0.68 2.68 -0.178944 -0.178944 -0.178944
-0.67 2.67 -0.172837 -0.172837 -0.172837
-0.66 2.66 -0.166871 -0.166871 -0.166871
-0.65 2.65 -0.161043 -0.161043 -0.161043
-0.64 2.64 -0.155351 -0.155351 -0.155351
-0.63 2.63 -0.149792 -0.149792 -0.149792
-0.62 2.62 -0.144364 -0.144364 -0.144364
-0.61 2.61 -0.139065 -0.139065 -0.139065
-0.6 2.6 -0.133894 -0.133894 -0.133894
-0.59 2.59 -0.128847 -0.128847 -0.128847
-0.58 2.58 -0.123923 -0.123923 -0.123923
-0.57 2.57 -0.119121 -0.119121 -0.119121
-0.56 2.56 -0.114438 -0.114438 -0.114438
-0.55 2.55 -0.109872 -0.109872 -0.109872
-0.54 2.54 -0.105422 -0.105422 -0.105422
-0.53 2.53 -0.101086 -0.101086 -0.101086
-0.52 2.52 -0.096862 -0.096862 -0.096862
-0.51 2.51 -0.0927488 -0.0927488 -0.0927488
-0.5 2.5 -0.0887446 -0.0887446 -0.0887446
-0.49 2.49 -0.0848478 -0.0848478 -0.0848478
-0.48 2.48 -0.0810568 -0.0810568 -0.0810568
-0.47 2.47 -0.0773702 -0.0773702 -0.0773702
-0.46 2.46 -0.0737864 -0.0737864 -0.0737864
-0.45 2.45 -0.070304 -0.070304 -0.070304
-0.44 2.44 -0.0669217 -0.0669217 -0.0669217
-0.43 2.43 -0.063638 -0.063638 -0.063638
-0.42 2.42 -0.0604515 -0.0604515 -0.0604515
-0.41 2.41 -0.057361 -0.057361 -0.057361
-0.4 2.4 -0.0543651 -0.0543651 -0.0543651
-0.39 2.39 -0.0514626 -0.0514626 -0.0514626
-0.38 2.38 -0.0486522 -0.0486522 -0.0486522
-0.37 2.37 -0.0459327 -0.0459327 -0.0459327
-0.36 2.36 -0.043303 -0.043303 -0.043303
-0.35 2.35 -0.0407618 -0.0407618 -0.0407618
-0.34 2.34 -0.038308 -0.038308 -0.038308
-0.33 2.33 -0.0359405 -0.0359405 -0.0359405
-0.32 2.32 -0.0336582 -0.0336582 -0.0336582
-0.31 2.31 -0.03146 -0.03146 -0.03146
-0.3 2.3 -0.0293448 -0.0293448 -0.0293448
-0.29 2.29 -0.0273117 -0.0273117 -0.0273117
-0.28 2.28 -0.0253596 -0.0253596 -0.0253596
-0.27 2.27 -0.0234874 -0.0234874 -0.0234874
-0.26 2.26 -0.0216943 -0.0216943 -0.0216943
-0.25 2.25 -0.0199793 -0.0199793 -0.0199793
-0.24 2.24 -0.0183414 -0.0183414 -0.0183414
-0.23 2.23 -0.0167797 -0.0167797 -0.0167797
-0.22 2.22 -0.0152933 -0.0152933 -0.0152933
-0.21 2.21 -0.0138813 -0.0138813 -0.0138813
-0.2 2.2 -0.0125429 -0.0125429 -0.0125429
-0.19 2.19 -0.0112771 -0.0112771 -0.0112771
-0.18 2.18 -0.0100831 -0.0100831 -0.0100831
-0.17 2.17 -0.00896021 -0.00896021 -0.00896021
-0.16 2.16 -0.00790748 -0.00790748 -0.00790748
-0.15 2.15 -0.00692416 -0.00692416 -0.00692416
-0.14 2.14 -0.00600945 -0.00600945 -0.00600945
-0.13 2.13 -0.00516258 -0.00516258 -0.00516258
-0.12 2.12 -0.00438281 -0.00438281 -0.00438281
-0.11 2.11 -0.00366938 -0.00366938 -0.00366938
-0.1 2.1 -0.00302157 -0.00302157 -0.00302157
-0.09 2.09 -0.00243865 -0.00243865 -0.00243865
-0.08 2.08 -0.00191993 -0.00191993 -0.00191993
-0.07 2.07 -0.0014647 -0.0014647 -0.0014647
-0.06 2.06 -0.00107229 -0.00107229 -0.00107229
-0.05 2.05 -0.000742011 -0.000742011 -0.000742011
-0.04 2.04 -0.000473216 -0.000473216 -0.000473216
-0.03 2.03 -0.000265252 -0.000265252 -0.000265252
-0.02 2.02 -0.000117479 -0.000117479 -0.000117479
-0.01 2.01 -2.92678e-05 -2.92678e-05 -2.92678e-05
0 2 0 0 -0
0.01 1.99 -2.90664e-05 -2.90664e-05 -2.90664e-05
0.02 1.98 -0.000115867 -0.000115867 -0.000115867
0.03 1.97 -0.000259813 -0.000259813 -0.000259813
0.04 1.96 -0.000460323 -0.000460323 -0.000460323
0.05 1.95 -0.000716826 -0.000716826 -0.000716826
0.06 1.94 -0.00102876 -0.00102876 -0.00102876
0.07 1.93 -0.00139557 -0.00139557 -0.00139557
0.08 1.92 -0.0018167 -0.0018167 -0.0018167
0.09 1.91 -0.00229163 -0.00229163 -0.00229163
0.1 1.9 -0.00281982 -0.00281982 -0.00281982
0.11 1.89 -0.00340076 -0.00340076 -0.00340076
0.12 1.88 -0.00403392 -0.00403392 -0.00403392
0.13 1.87 -0.00471881 -0.00471881 -0.00471881
0.14 1.86 -0.00545491 -0.00545491 -0.00545491
0.15 1.85 -0.00624176 -0.00624176 -0.00624176
0.16 1.84 -0.00707885 -0.00707885 -0.00707885
0.17 1.83 -0.00796571 -0.00796571 -0.00796571
0.18 1.82 -0.00890187 -0.00890187 -0.00890187
0.19 1.81 -0.00988688 -0.00988688 -0.00988688
0.2 1.8 -0.0109203 -0.0109203 -0.0109203
0.21 1.79 -0.0120016 -0.0120016 -0.0120016
0.22 1.78 -0.0131304 -0.0131304 -0.0131304
0.23 1.77 -0.0143062 -0.0143062 -0.0143062
0.24 1.76 -0.0155287 -0.0155287 -0.0155287
0.25 1.75 -0.0167974 -0.0167974 -0.0167974
0.26 1.74 -0.0181118 -0.0181118 -0.0181118
0.27 1.73 -0.0194716 -0.0194716 -0.0194716
0.28 1.72 -0.0208764 -0.0208764 -0.0208764
0.29 1.71 -0.0223257 -0.0223257 -0.0223257
0.3 1.7 -0.0238192 -0.0238192 -0.0238192
0.31 1.69 -0.0253564 -0.0253564 -0.0253564
0.32 1.68 -0.026937 -0.026937 -0.026937
0.33 1.67 -0.0285606 -0.0285606 -0.0285606
0.34 1.66 -0.0302268 -0.0302268 -0.0302268
0.35 1.65 -0.0319352 -0.0319352 -0.0319352
0.36 1.64 -0.0336855 -0.0336855 -0.0336855
0.37 1.63 -0.0354774 -0.0354774 -0.0354774
0.38 1.62 -0.0373104 -0.0373104 -0.0373104
0.39 1.61 -0.0391842 -0.0391842 -0.0391842
0.4 1.6 -0.0410985 -0.0410985 -0.0410985
0.41 1.59 -0.0430529 -0.0430529 -0.0430529
0.42 1.58 -0.0450471 -0.0450471 -0.0450471
0.43 1.57 -0.0470807 -0.0470807 -0.0470807
0.44 1.56 -0.0491534 -0.0491534 -0.0491534
0.45 1.55 -0.0512649 -0.0512649 -0.0512649
0.46 1.54 -0.0534149 -0.0534149 -0.0534149
0.47 1.53 -0.055603 -0.055603 -0.055603
0.48 1.52 -0.057829 -0.057829 -0.057829
0.49 1.51 -0.0600925 -0.0600925 -0.0600925
0.5 1.5 -0.0623932 -0.0623932 -0.0623932
0.51 1.49 -0.0647308 -0.0647308 -0.0647308
0.52 1.48 -0.067105 -0.067105 -0.067105
0.53 1.47 -0.0695155 -0.0695155 -0.0695155
0.54 1.46 -0.0719621 -0.0719621 -0.0719621
0.55 1.45 -0.0744444 -0.0744444 -0.0744444
0.56 1.44 -0.0769622 -0.0769622 -0.0769622
0.57 1.43 -0.0795151 -0.0795151 -0.0795151
0.58 1.42 -0.0821029 -0.0821029 -0.0821029
0.59 1.41 -0.0847254 -0.0847254 -0.0847254
0.6 1.4 -0.0873822 -0.0873822 -0.0873822
0.61 1.39 -0.0900731 -0.0900731 -0.0900731
0.62 1.38 -0.0927977 -0.0927977 -0.0927977
0.63 1.37 -0.095556 -0.095556 -0.095556
0.64 1.36 -0.0983475 -0.0983475 -0.0983475
0.65 1.35 -0.101172 -0.101172 -0.101172
0.66 1.34 -0.104029 -0.104029 -0.104029
0.67 1.33 -0.106919 -0.106919 -0.106919
0.68 1.32 -0.109841 -0.109841 -0.109841
0.69 1.31 -0.112796 -0.112796 -0.112796
0.7 1.3 -0.115782 -0.115782 -0.115782
0.71 1.29 -0.118799 -0.118799 -0.118799
0.72 1.28 -0.121848 -0.121848 -0.121848
0.73 1.27 -0.124928 -0.124928 -0.124928
0.74 1.26 -0.128039 -0.128039 -0.128039
0.75 1.25 -0.13118 -0.13118 -0.13118
0.76 1.24 -0.134352 -0.134352 -0.134352
0.77 1.23 -0.137554 -0.137554 -0.137554
0.78 1.22 -0.140786 -0.140786 -0.140786
0.79 1.21 -0.144048 -0.144048 -0.144048
0.8 1.2 -0.147339 -0.147339 -0.147339
0.81 1.19 -0.150659 -0.150659 -0.150659
0.82 1.18 -0.154009 -0.154009 -0.154009
0.83 1.17 -0.157388 -0.157388 -0.157388
0.84 1.16 -0.160795 -0.160795 -0.160795
0.85 1.15 -0.16423 -0.16423 -0.16423
0.86 1.14 -0.167694 -0.167694 -0.167694
0.87 1.13 -0.171186 -0.171186 -0.171186
0.88 1.12 -0.174706 -0.174706 -0.174706
0.89 1.11 -0.178254 -0.178254 -0.178254
0.9 1.1 -0.181828 -0.181828 -0.181828
0.91 1.09 -0.185431 -0.185431 -0.185431
0.92 1.08 -0.18906 -0.18906 -0.18906
0.93 1.07 -0.192716 -0.192716 -0.192716
0.94 1.06 -0.196399 -0.196399 -0.196399
0.95 1.05 -0.200109 -0.200109 -0.200109
0.96 1.04 -0.203845 -0.203845 -0.203845
0.97 1.03 -0.207606 -0.207606 -0.207606
0.98 1.02 -0.211394 -0.211394 -0.211394
0.99 1.01 -0.215208 -0.215208 -0.215208
1 1 -0.219048 -0.219048 -0.219048
