A comparison of results for every iteration computed with CCD equations, using naive approach and intermediates. This works as a benchmark for the inclusion of Intermediates.
The system consist of 4 shells, and 4 hole states. 
I have used 21 values of g, equally spaced, ranging from -1 to 1
Below are the reference energy and calculated correlation energies for all iterations in following order
Line 1: g, Reference energy, Number of iterations, energies for all iterations by Naive implementation of CCD
Line 2: g, Reference energy, Number of iterations, energies for all iterations by Intermediate implementation of CCD
-1 3 20 -0.466667 0.159852 -0.661266 0.553225 -0.88812 0.99248 -0.86104 0.758597 -0.946052 1.0535 -0.853333 0.712778 -0.947038 1.06982 -0.840361 0.675224 -0.942514 1.07007 -0.836678 0.666314
-1 3 20 -0.466667 0.159852 -0.661266 0.553225 -0.88812 0.99248 -0.86104 0.758597 -0.946052 1.0535 -0.853333 0.712778 -0.947038 1.06982 -0.840361 0.675224 -0.942514 1.07007 -0.836678 0.666314
-0.9 2.9 20 -0.354442 0.0278125 -0.401295 0.106325 -0.470297 0.209683 -0.545597 0.324744 -0.611648 0.425572 -0.654587 0.487197 -0.674533 0.512358 -0.68169 0.520362 -0.68395 0.52277 -0.684635 0.52349
-0.9 2.9 20 -0.354442 0.0278125 -0.401295 0.106325 -0.470297 0.209683 -0.545597 0.324744 -0.611648 0.425572 -0.654587 0.487197 -0.674533 0.512358 -0.68169 0.520362 -0.68395 0.52277 -0.684635 0.52349
-0.8 2.8 20 -0.264103 -0.0351665 -0.248688 -0.045854 -0.240782 -0.0538466 -0.234074 -0.0609449 -0.227981 -0.0673834 -0.222395 -0.0732547 -0.217257 -0.078627 -0.21252 -0.0835564 -0.208142 -0.0880902 -0.20409 -0.0922687
-0.8 2.8 20 -0.264103 -0.0351665 -0.248688 -0.045854 -0.240782 -0.0538466 -0.234074 -0.0609449 -0.227981 -0.0673834 -0.222395 -0.0732547 -0.217257 -0.078627 -0.21252 -0.0835564 -0.208142 -0.0880902 -0.20409 -0.0922687
-0.7 2.7 20 -0.191586 -0.0587919 -0.159332 -0.082806 -0.142347 -0.0964147 -0.132194 -0.1045 -0.126052 -0.109347 -0.122337 -0.11226 -0.120092 -0.114014 -0.118737 -0.11507 -0.117918 -0.115707 -0.117425 -0.116091
-0.7 2.7 20 -0.191586 -0.0587919 -0.159332 -0.082806 -0.142347 -0.0964147 -0.132194 -0.1045 -0.126052 -0.109347 -0.122337 -0.11226 -0.120092 -0.114014 -0.118737 -0.11507 -0.117918 -0.115707 -0.117425 -0.116091
-0.6 2.6 20 -0.133894 -0.0605668 -0.104612 -0.0780726 -0.0943805 -0.0844106 -0.0905392 -0.0867817 -0.0890897 -0.0876735 -0.0885431 -0.0880094 -0.088337 -0.0881359 -0.0882594 -0.0881836 -0.0882301 -0.0882015 -0.0882191 -0.0882083
-0.6 2.6 20 -0.133894 -0.0605668 -0.104612 -0.0780726 -0.0943805 -0.0844106 -0.0905392 -0.0867817 -0.0890897 -0.0876735 -0.0885431 -0.0880094 -0.088337 -0.0881359 -0.0882594 -0.0881836 -0.0882301 -0.0882015 -0.0882191 -0.0882083
-0.5 2.5 17 -0.0887446 -0.0511401 -0.0685681 -0.0604458 -0.0642877 -0.0624728 -0.0633323 -0.0629255 -0.0631181 -0.0630269 -0.0630701 -0.0630496 -0.0630593 -0.0630547 -0.0630569 -0.0630559 -0.0630564
-0.5 2.5 20 -0.0887446 -0.0511401 -0.0685681 -0.0604458 -0.0642877 -0.0624728 -0.0633323 -0.0629255 -0.0631181 -0.0630269 -0.0630701 -0.0630496 -0.0630593 -0.0630547 -0.0630569 -0.0630559 -0.0630564
-0.4 2.4 12 -0.0543651 -0.037149 -0.0430688 -0.0410143 -0.0417351 -0.041482 -0.041571 -0.0415397 -0.0415507 -0.0415468 -0.0415482 -0.0415477
-0.4 2.4 20 -0.0543651 -0.037149 -0.0430688 -0.0410143 -0.0417351 -0.041482 -0.041571 -0.0415397 -0.0415507 -0.0415468 -0.0415482 -0.0415477
-0.3 2.3 9 -0.0293448 -0.0228001 -0.0243691 -0.0239882 -0.0240814 -0.0240586 -0.0240642 -0.0240628 -0.0240632
-0.3 2.3 19 -0.0293448 -0.0228001 -0.0243691 -0.0239882 -0.0240814 -0.0240586 -0.0240642 -0.0240628 -0.0240632
-0.2 2.2 6 -0.0125429 -0.0107837 -0.0110458 -0.0110062 -0.0110122 -0.0110113
-0.2 2.2 14 -0.0125429 -0.0107837 -0.0110458 -0.0110062 -0.0110122 -0.0110113
-0.1 2.1 4 -0.00302157 -0.00282092 -0.00283489 -0.00283391
-0.1 2.1 10 -0.00302157 -0.00282092 -0.00283489 -0.00283391
0 2 1 0
0 2 1 0
0.1 1.9 4 -0.00281982 -0.00298938 -0.00299978 -0.00300043
0.1 1.9 9 -0.00281982 -0.00298938 -0.00299978 -0.00300043
0.2 1.8 6 -0.0109203 -0.0121752 -0.0123202 -0.0123371 -0.012339 -0.0123392
0.2 1.8 12 -0.0109203 -0.0121752 -0.0123202 -0.0123371 -0.012339 -0.0123392
0.3 1.7 7 -0.0238192 -0.0277519 -0.0283956 -0.028501 -0.0285184 -0.0285212 -0.0285217
0.3 1.7 15 -0.0238192 -0.0277519 -0.0283956 -0.028501 -0.0285184 -0.0285212 -0.0285217
0.4 1.6 8 -0.0410985 -0.049783 -0.0515769 -0.0519456 -0.0520214 -0.0520369 -0.0520401 -0.0520408
0.4 1.6 17 -0.0410985 -0.049783 -0.0515769 -0.0519456 -0.0520214 -0.0520369 -0.0520401 -0.0520408
0.5 1.5 9 -0.0623932 -0.0782427 -0.0821244 -0.0830638 -0.0832904 -0.083345 -0.0833582 -0.0833613 -0.0833621
0.5 1.5 19 -0.0623932 -0.0782427 -0.0821244 -0.0830638 -0.0832904 -0.083345 -0.0833582 -0.0833613 -0.0833621
0.6 1.4 10 -0.0873822 -0.113044 -0.120212 -0.122175 -0.122709 -0.122855 -0.122894 -0.122905 -0.122907 -0.122908
0.6 1.4 20 -0.0873822 -0.113044 -0.120212 -0.122175 -0.122709 -0.122855 -0.122894 -0.122905 -0.122907 -0.122908
0.7 1.3 11 -0.115782 -0.154059 -0.165936 -0.16952 -0.170591 -0.17091 -0.171005 -0.171033 -0.171041 -0.171044 -0.171044
0.7 1.3 20 -0.115782 -0.154059 -0.165936 -0.16952 -0.170591 -0.17091 -0.171005 -0.171033 -0.171041 -0.171044 -0.171044
0.8 1.2 12 -0.147339 -0.201134 -0.219329 -0.225262 -0.22717 -0.22778 -0.227975 -0.228038 -0.228057 -0.228064 -0.228066 -0.228066
0.8 1.2 20 -0.147339 -0.201134 -0.219329 -0.225262 -0.22717 -0.22778 -0.227975 -0.228038 -0.228057 -0.228064 -0.228066 -0.228066
0.9 1.1 13 -0.181828 -0.254095 -0.280366 -0.28949 -0.292601 -0.293655 -0.294011 -0.294131 -0.294172 -0.294185 -0.29419 -0.294192 -0.294192
0.9 1.1 20 -0.181828 -0.254095 -0.280366 -0.28949 -0.292601 -0.293655 -0.294011 -0.294131 -0.294172 -0.294185 -0.29419 -0.294192 -0.294192
1 1 14 -0.219048 -0.312761 -0.348979 -0.362226 -0.366962 -0.368641 -0.369234 -0.369443 -0.369517 -0.369543 -0.369552 -0.369555 -0.369557 -0.369557
1 1 20 -0.219048 -0.312761 -0.348979 -0.362226 -0.366962 -0.368641 -0.369234 -0.369443 -0.369517 -0.369543 -0.369552 -0.369555 -0.369557 -0.369557