A Comparison of FCI, CI, MBPT to second, third and fourth order and CCD equations. Performed with intermediates.
The system consist of 4 shells, and 4 hole states. 
I have used 201values of g, equally spaced, ranging from -1 to 1
Below are the reference energy and calculated correlation energies in following order
g, Reference energy; FCI, CI, MBPT2, MBPT3, MBPT4, CCD Intermediates.
-1 3 -0.22013 -0.214686 -0.291667 -0.107639 -0.208984 -0.218577
-0.99 2.99 -0.216314 -0.211048 -0.285863 -0.107301 -0.204653 -0.214784
-0.98 2.98 -0.212522 -0.207431 -0.280117 -0.106911 -0.200389 -0.211015
-0.97 2.97 -0.208754 -0.203834 -0.274429 -0.106472 -0.196192 -0.20727
-0.96 2.96 -0.20501 -0.200258 -0.2688 -0.105984 -0.192061 -0.203549
-0.95 2.95 -0.201292 -0.196702 -0.263229 -0.105448 -0.187995 -0.199853
-0.94 2.94 -0.197597 -0.193168 -0.257717 -0.104866 -0.183992 -0.196182
-0.93 2.93 -0.193928 -0.189655 -0.252262 -0.104238 -0.18005 -0.192536
-0.92 2.92 -0.190284 -0.186164 -0.246867 -0.103566 -0.17617 -0.188915
-0.91 2.91 -0.186666 -0.182694 -0.241529 -0.102851 -0.172349 -0.185319
-0.9 2.9 -0.183073 -0.179246 -0.23625 -0.102094 -0.168587 -0.181749
-0.89 2.89 -0.179505 -0.175821 -0.231029 -0.101295 -0.164882 -0.178205
-0.88 2.88 -0.175964 -0.172418 -0.225867 -0.100457 -0.161233 -0.174687
-0.87 2.87 -0.172449 -0.169038 -0.220763 -0.0995797 -0.15764 -0.171195
-0.86 2.86 -0.168961 -0.165681 -0.215717 -0.0986647 -0.154102 -0.16773
-0.85 2.85 -0.165499 -0.162348 -0.210729 -0.0977131 -0.150616 -0.164291
-0.84 2.84 -0.162064 -0.159038 -0.2058 -0.096726 -0.147183 -0.16088
-0.83 2.83 -0.158657 -0.155752 -0.200929 -0.0957045 -0.143801 -0.157495
-0.82 2.82 -0.155277 -0.15249 -0.196117 -0.0946496 -0.14047 -0.154138
-0.81 2.81 -0.151924 -0.149252 -0.191363 -0.0935626 -0.137189 -0.150808
-0.8 2.8 -0.148599 -0.146039 -0.186667 -0.0924444 -0.133956 -0.147506
-0.79 2.79 -0.145302 -0.142851 -0.182029 -0.0912963 -0.13077 -0.144233
-0.78 2.78 -0.142034 -0.139688 -0.17745 -0.0901193 -0.127632 -0.140987
-0.77 2.77 -0.138794 -0.136551 -0.172929 -0.0889144 -0.12454 -0.13777
-0.76 2.76 -0.135583 -0.133439 -0.168467 -0.0876829 -0.121494 -0.134582
-0.75 2.75 -0.132402 -0.130354 -0.164062 -0.0864258 -0.118492 -0.131423
-0.74 2.74 -0.129249 -0.127295 -0.159717 -0.0851442 -0.115534 -0.128293
-0.73 2.73 -0.126126 -0.124263 -0.155429 -0.0838392 -0.11262 -0.125193
-0.72 2.72 -0.123033 -0.121257 -0.1512 -0.082512 -0.109747 -0.122123
-0.71 2.71 -0.11997 -0.118279 -0.147029 -0.0811636 -0.106917 -0.119082
-0.7 2.7 -0.116938 -0.115329 -0.142917 -0.0797951 -0.104128 -0.116072
-0.69 2.69 -0.113936 -0.112407 -0.138862 -0.0784077 -0.10138 -0.113093
-0.68 2.68 -0.110965 -0.109512 -0.134867 -0.0770024 -0.0986715 -0.110144
-0.67 2.67 -0.108026 -0.106647 -0.130929 -0.0755804 -0.0960027 -0.107227
-0.66 2.66 -0.105118 -0.10381 -0.12705 -0.0741427 -0.0933728 -0.10434
-0.65 2.65 -0.102241 -0.101003 -0.123229 -0.0726905 -0.0907813 -0.101486
-0.64 2.64 -0.099397 -0.0982248 -0.119467 -0.0712249 -0.0882278 -0.0986636
-0.63 2.63 -0.0965852 -0.0954768 -0.115763 -0.0697469 -0.0857118 -0.0958737
-0.62 2.62 -0.093806 -0.0927591 -0.112117 -0.0682577 -0.0832328 -0.0931159
-0.61 2.61 -0.0910598 -0.0900719 -0.108529 -0.0667584 -0.0807905 -0.090391
-0.6 2.6 -0.0883468 -0.0874157 -0.105 -0.06525 -0.0783844 -0.0876992
-0.59 2.59 -0.0856674 -0.0847908 -0.101529 -0.0637337 -0.0760141 -0.0850409
-0.58 2.58 -0.0830219 -0.0821975 -0.0981167 -0.0622106 -0.0736794 -0.0824162
-0.57 2.57 -0.0804106 -0.0796363 -0.0947625 -0.0606818 -0.0713799 -0.0798255
-0.56 2.56 -0.0778338 -0.0771074 -0.0914667 -0.0591484 -0.0691153 -0.0772691
-0.55 2.55 -0.0752918 -0.0746112 -0.0882292 -0.0576115 -0.0668853 -0.0747474
-0.54 2.54 -0.072785 -0.0721481 -0.08505 -0.0560722 -0.0646897 -0.0722604
-0.53 2.53 -0.0703136 -0.0697186 -0.0819292 -0.0545317 -0.0625283 -0.0698089
-0.52 2.52 -0.0678781 -0.0673228 -0.0788667 -0.0529909 -0.0604009 -0.0673929
-0.51 2.51 -0.0654787 -0.0649614 -0.0758625 -0.051451 -0.0583073 -0.0650128
-0.5 2.5 -0.0631157 -0.0626345 -0.0729167 -0.0499132 -0.0562473 -0.0626689
-0.49 2.49 -0.0607896 -0.0603427 -0.0700292 -0.0483785 -0.0542208 -0.0603616
-0.48 2.48 -0.0585007 -0.0580862 -0.0672 -0.046848 -0.0522278 -0.0580911
-0.47 2.47 -0.0562492 -0.0558656 -0.0644292 -0.0453229 -0.0502682 -0.0558578
-0.46 2.46 -0.0540356 -0.0536812 -0.0617167 -0.0438041 -0.0483418 -0.0536621
-0.45 2.45 -0.0518602 -0.0515335 -0.0590625 -0.042293 -0.0464488 -0.0515043
-0.44 2.44 -0.0497234 -0.0494227 -0.0564667 -0.0407904 -0.044589 -0.0493849
-0.43 2.43 -0.0476256 -0.0473494 -0.0539292 -0.0392977 -0.0427625 -0.0473039
-0.42 2.42 -0.045567 -0.0453139 -0.05145 -0.0378158 -0.0409693 -0.0452619
-0.41 2.41 -0.0435481 -0.0433167 -0.0490292 -0.0363458 -0.0392096 -0.0432592
-0.4 2.4 -0.0415693 -0.0413582 -0.0466667 -0.0348889 -0.0374833 -0.0412961
-0.39 2.39 -0.0396309 -0.0394388 -0.0443625 -0.0334462 -0.0357907 -0.0393731
-0.38 2.38 -0.0377333 -0.037559 -0.0421167 -0.0320187 -0.0341319 -0.0374906
-0.37 2.37 -0.0358769 -0.0357192 -0.0399292 -0.0306076 -0.032507 -0.0356488
-0.36 2.36 -0.0340621 -0.0339198 -0.0378 -0.029214 -0.0309162 -0.0338482
-0.35 2.35 -0.0322892 -0.0321613 -0.0357292 -0.027839 -0.0293598 -0.032089
-0.34 2.34 -0.0305588 -0.030444 -0.0337167 -0.0264836 -0.027838 -0.0303719
-0.33 2.33 -0.0288711 -0.0287686 -0.0317625 -0.0251491 -0.026351 -0.0286972
-0.32 2.32 -0.0272266 -0.0271353 -0.0298667 -0.0238364 -0.0248991 -0.0270651
-0.31 2.31 -0.0256256 -0.0255447 -0.0280292 -0.0225468 -0.0234827 -0.0254762
-0.3 2.3 -0.0240687 -0.0239973 -0.02625 -0.0212812 -0.0221021 -0.0239309
-0.29 2.29 -0.0225562 -0.0224934 -0.0245292 -0.0200409 -0.0207577 -0.0224294
-0.28 2.28 -0.0210885 -0.0210335 -0.0228667 -0.0188269 -0.0194498 -0.0209723
-0.27 2.27 -0.019666 -0.0196182 -0.0212625 -0.0176403 -0.0181789 -0.01956
-0.26 2.26 -0.0182893 -0.0182479 -0.0197167 -0.0164822 -0.0169453 -0.0181929
-0.25 2.25 -0.0169586 -0.016923 -0.0182292 -0.0153537 -0.0157496 -0.0168715
-0.24 2.24 -0.0156745 -0.0156441 -0.0168 -0.014256 -0.0145922 -0.015596
-0.23 2.23 -0.0144374 -0.0144115 -0.0154292 -0.0131901 -0.0134737 -0.014367
-0.22 2.22 -0.0132476 -0.0132259 -0.0141167 -0.0121571 -0.0123945 -0.013185
-0.21 2.21 -0.0121058 -0.0120876 -0.0128625 -0.0111582 -0.0113553 -0.0120503
-0.2 2.2 -0.0110122 -0.0109971 -0.0116667 -0.0101944 -0.0103566 -0.0109634
-0.19 2.19 -0.00996741 -0.00995506 -0.0105292 -0.00926692 -0.00939899 -0.00992482
-0.18 2.18 -0.00897182 -0.00896181 -0.00945 -0.00837675 -0.00848314 -0.00893495
-0.17 2.17 -0.00802589 -0.00801788 -0.00842917 -0.00752504 -0.00760968 -0.00799428
-0.16 2.16 -0.00713009 -0.00712376 -0.00746667 -0.00671289 -0.00677931 -0.00710326
-0.15 2.15 -0.00628488 -0.00627996 -0.0065625 -0.00594141 -0.00599271 -0.00626233
-0.14 2.14 -0.00549071 -0.00548696 -0.00571667 -0.00521169 -0.00525063 -0.00547206
-0.13 2.13 -0.00474807 -0.00474526 -0.00492917 -0.00452486 -0.0045538 -0.00473288
-0.12 2.12 -0.00405742 -0.00405537 -0.0042 -0.003882 -0.00390301 -0.00404526
-0.11 2.11 -0.00341924 -0.00341778 -0.00352917 -0.00328423 -0.00329906 -0.00340971
-0.1 2.1 -0.002834 -0.002833 -0.00291667 -0.00273264 -0.00274277 -0.00282671
-0.09 2.09 -0.00230218 -0.00230152 -0.0023625 -0.00222834 -0.00223499 -0.00229677
-0.08 2.08 -0.00182426 -0.00182385 -0.00186667 -0.00177244 -0.0017766 -0.0018204
-0.07 2.07 -0.00140074 -0.00140049 -0.00142917 -0.00136605 -0.00136848 -0.00139812
-0.06 2.06 -0.00103208 -0.00103195 -0.00105 -0.00101025 -0.00101156 -0.0010304
-0.05 2.05 -0.000718788 -0.000718724 -0.000729167 -0.000706163 -0.000706797 -0.000717797
-0.04 2.04 -0.000461349 -0.000461322 -0.000466667 -0.000454889 -0.000455148 -0.000460832
-0.03 2.03 -0.000260255 -0.000260246 -0.0002625 -0.000257531 -0.000257613 -0.000260033
-0.02 2.02 -0.000116001 -0.000115999 -0.000116667 -0.000115194 -0.000115211 -0.000115929
-0.01 2.01 -2.90834e-05 -2.90833e-05 -2.91667e-05 -2.89826e-05 -2.89837e-05 -2.90746e-05
0 2 0 0 0 0 0 0
0.01 1.99 -2.92501e-05 -2.92499e-05 -2.91667e-05 -2.93507e-05 -2.93517e-05 -2.92586e-05
0.02 1.98 -0.000117334 -0.000117332 -0.000116667 -0.000118139 -0.000118155 -0.000117401
0.03 1.97 -0.000264754 -0.000264745 -0.0002625 -0.000267469 -0.000267551 -0.000265001
0.04 1.96 -0.000472013 -0.000471985 -0.000466667 -0.000478444 -0.000478704 -0.000472607
0.05 1.95 -0.000739614 -0.000739546 -0.000729167 -0.00075217 -0.000752804 -0.000740794
0.06 1.94 -0.00106806 -0.00106792 -0.00105 -0.00108975 -0.00109106 -0.00107014
0.07 1.93 -0.00145786 -0.0014576 -0.00142917 -0.00149229 -0.00149472 -0.00146121
0.08 1.92 -0.00190952 -0.00190907 -0.00186667 -0.00196089 -0.00196504 -0.00191462
0.09 1.91 -0.00242354 -0.00242281 -0.0023625 -0.00249666 -0.00250331 -0.00243093
0.1 1.9 -0.00300043 -0.00299931 -0.00291667 -0.00310069 -0.00311083 -0.00301074
0.11 1.89 -0.0036407 -0.00363905 -0.00352917 -0.00377411 -0.00378895 -0.00365465
0.12 1.88 -0.00434485 -0.00434249 -0.0042 -0.004518 -0.00453902 -0.00436327
0.13 1.87 -0.00511338 -0.00511012 -0.00492917 -0.00533348 -0.00536242 -0.0051372
0.14 1.86 -0.0059468 -0.0059424 -0.00571667 -0.00622164 -0.00626057 -0.00597705
0.15 1.85 -0.00684562 -0.00683978 -0.0065625 -0.00718359 -0.0072349 -0.00688345
0.16 1.84 -0.00781033 -0.00780274 -0.00746667 -0.00822044 -0.00828686 -0.00785701
0.17 1.83 -0.00884144 -0.00883172 -0.00842917 -0.0093333 -0.00941794 -0.00889843
0.18 1.82 -0.00993944 -0.00992717 -0.00945 -0.0105232 -0.0106296 -0.0100082
0.19 1.81 -0.0111048 -0.0110895 -0.0105292 -0.0117914 -0.0119235 -0.0111871
0.2 1.8 -0.0123381 -0.0123192 -0.0116667 -0.0131389 -0.013301 -0.0124357
0.21 1.79 -0.0136398 -0.0136167 -0.0128625 -0.0145668 -0.0147639 -0.0137546
0.22 1.78 -0.0150104 -0.0149825 -0.0141167 -0.0160762 -0.0163136 -0.0151445
0.23 1.77 -0.0164503 -0.0164168 -0.0154292 -0.0176682 -0.0179518 -0.0166061
0.24 1.76 -0.01796 -0.0179202 -0.0168 -0.019344 -0.0196802 -0.01814
0.25 1.75 -0.0195402 -0.019493 -0.0182292 -0.0211046 -0.0215005 -0.0197469
0.26 1.74 -0.0211911 -0.0211357 -0.0197167 -0.0229511 -0.0234143 -0.0214275
0.27 1.73 -0.0229133 -0.0228486 -0.0212625 -0.0248847 -0.0254233 -0.0231824
0.28 1.72 -0.0247073 -0.0246321 -0.0228667 -0.0269064 -0.0275294 -0.0250123
0.29 1.71 -0.0265735 -0.0264866 -0.0245292 -0.0290174 -0.0297342 -0.0269178
0.3 1.7 -0.0285124 -0.0284125 -0.02625 -0.0312188 -0.0320396 -0.0288998
0.31 1.69 -0.0305245 -0.0304102 -0.0280292 -0.0335115 -0.0344475 -0.0309588
0.32 1.68 -0.0326102 -0.0324799 -0.0298667 -0.0358969 -0.0369596 -0.0330955
0.33 1.67 -0.0347699 -0.034622 -0.0317625 -0.0383759 -0.0395778 -0.0353107
0.34 1.66 -0.0370042 -0.0368369 -0.0337167 -0.0409497 -0.042304 -0.037605
0.35 1.65 -0.0393134 -0.0391248 -0.0357292 -0.0436194 -0.0451402 -0.0399792
0.36 1.64 -0.041698 -0.0414862 -0.0378 -0.046386 -0.0480882 -0.0424339
0.37 1.63 -0.0441584 -0.0439212 -0.0399292 -0.0492507 -0.0511501 -0.0449698
0.38 1.62 -0.0466951 -0.0464303 -0.0421167 -0.0522146 -0.0543278 -0.0475878
0.39 1.61 -0.0493084 -0.0490136 -0.0443625 -0.0552788 -0.0576234 -0.0502884
0.4 1.6 -0.0519987 -0.0516715 -0.0466667 -0.0584444 -0.0610389 -0.0530726
0.41 1.59 -0.0547666 -0.0544042 -0.0490292 -0.0617125 -0.0645763 -0.0559409
0.42 1.58 -0.0576123 -0.0572119 -0.05145 -0.0650842 -0.0682378 -0.0588939
0.43 1.57 -0.0605362 -0.060095 -0.0539292 -0.0685607 -0.0720255 -0.0619326
0.44 1.56 -0.0635388 -0.0630537 -0.0564667 -0.0721429 -0.0759414 -0.0650576
0.45 1.55 -0.0666203 -0.0660881 -0.0590625 -0.075832 -0.0799878 -0.0682696
0.46 1.54 -0.0697813 -0.0691984 -0.0617167 -0.0796292 -0.0841669 -0.0715694
0.47 1.53 -0.073022 -0.072385 -0.0644292 -0.0835355 -0.0884808 -0.0749578
0.48 1.52 -0.0763427 -0.0756479 -0.0672 -0.087552 -0.0929318 -0.0784354
0.49 1.51 -0.0797438 -0.0789874 -0.0700292 -0.0916799 -0.0975222 -0.082003
0.5 1.5 -0.0832257 -0.0824035 -0.0729167 -0.0959201 -0.102254 -0.0856613
0.51 1.49 -0.0867887 -0.0858966 -0.0758625 -0.100274 -0.10713 -0.0894111
0.52 1.48 -0.090433 -0.0894666 -0.0788667 -0.104742 -0.112152 -0.0932532
0.53 1.47 -0.094159 -0.0931137 -0.0819292 -0.109327 -0.117323 -0.0971882
0.54 1.46 -0.0979669 -0.0968381 -0.08505 -0.114028 -0.122645 -0.101217
0.55 1.45 -0.101857 -0.10064 -0.0882292 -0.118847 -0.128121 -0.10534
0.56 1.44 -0.10583 -0.104519 -0.0914667 -0.123785 -0.133752 -0.109559
0.57 1.43 -0.109885 -0.108476 -0.0947625 -0.128843 -0.139541 -0.113873
0.58 1.42 -0.114024 -0.11251 -0.0981167 -0.134023 -0.145491 -0.118284
0.59 1.41 -0.118246 -0.116622 -0.101529 -0.139325 -0.151605 -0.122793
0.6 1.4 -0.122551 -0.120811 -0.105 -0.14475 -0.157884 -0.1274
0.61 1.39 -0.12694 -0.125078 -0.108529 -0.1503 -0.164332 -0.132106
0.62 1.38 -0.131413 -0.129423 -0.112117 -0.155976 -0.170951 -0.136911
0.63 1.37 -0.13597 -0.133846 -0.115763 -0.161778 -0.177743 -0.141817
0.64 1.36 -0.140612 -0.138347 -0.119467 -0.167708 -0.184711 -0.146824
0.65 1.35 -0.145338 -0.142925 -0.123229 -0.173768 -0.191859 -0.151933
0.66 1.34 -0.150148 -0.14758 -0.12705 -0.179957 -0.199187 -0.157145
0.67 1.33 -0.155044 -0.152314 -0.130929 -0.186278 -0.2067 -0.16246
0.68 1.32 -0.160024 -0.157125 -0.134867 -0.192731 -0.2144 -0.167879
0.69 1.31 -0.165089 -0.162013 -0.138862 -0.199317 -0.222289 -0.173404
0.7 1.3 -0.17024 -0.166979 -0.142917 -0.206038 -0.230371 -0.179033
0.71 1.29 -0.175476 -0.172022 -0.147029 -0.212895 -0.238648 -0.184769
0.72 1.28 -0.180797 -0.177142 -0.1512 -0.219888 -0.247123 -0.190613
0.73 1.27 -0.186204 -0.18234 -0.155429 -0.227019 -0.255799 -0.196564
0.74 1.26 -0.191696 -0.187614 -0.159717 -0.234289 -0.264679 -0.202623
0.75 1.25 -0.197274 -0.192965 -0.164062 -0.241699 -0.273766 -0.208792
0.76 1.24 -0.202937 -0.198393 -0.168467 -0.24925 -0.283062 -0.215071
0.77 1.23 -0.208686 -0.203898 -0.172929 -0.256944 -0.29257 -0.22146
0.78 1.22 -0.214521 -0.209478 -0.17745 -0.264781 -0.302294 -0.227961
0.79 1.21 -0.220442 -0.215135 -0.182029 -0.272762 -0.312236 -0.234573
0.8 1.2 -0.226448 -0.220868 -0.186667 -0.280889 -0.3224 -0.241299
0.81 1.19 -0.23254 -0.226677 -0.191363 -0.289162 -0.332788 -0.248138
0.82 1.18 -0.238717 -0.232561 -0.196117 -0.297584 -0.343404 -0.255091
0.83 1.17 -0.24498 -0.238521 -0.200929 -0.306154 -0.354251 -0.262159
0.84 1.16 -0.251329 -0.244555 -0.2058 -0.314874 -0.365331 -0.269342
0.85 1.15 -0.257763 -0.250665 -0.210729 -0.323745 -0.376648 -0.276641
0.86 1.14 -0.264282 -0.256849 -0.215717 -0.332769 -0.388205 -0.284058
0.87 1.13 -0.270887 -0.263107 -0.220763 -0.341945 -0.400006 -0.291592
0.88 1.12 -0.277577 -0.269439 -0.225867 -0.351276 -0.412053 -0.299243
0.89 1.11 -0.284352 -0.275846 -0.231029 -0.360763 -0.424349 -0.307014
0.9 1.1 -0.291212 -0.282325 -0.23625 -0.370406 -0.436899 -0.314904
0.91 1.09 -0.298157 -0.288878 -0.241529 -0.380207 -0.449705 -0.322914
0.92 1.08 -0.305187 -0.295504 -0.246867 -0.390167 -0.46277 -0.331044
0.93 1.07 -0.312301 -0.302202 -0.252262 -0.400287 -0.476098 -0.339296
0.94 1.06 -0.319499 -0.308973 -0.257717 -0.410567 -0.489693 -0.347669
0.95 1.05 -0.326782 -0.315815 -0.263229 -0.42101 -0.503557 -0.356165
0.96 1.04 -0.334149 -0.322729 -0.2688 -0.431616 -0.517693 -0.364784
0.97 1.03 -0.341599 -0.329714 -0.274429 -0.442386 -0.532107 -0.373526
0.98 1.02 -0.349133 -0.33677 -0.280117 -0.453322 -0.5468 -0.382393
0.99 1.01 -0.356751 -0.343897 -0.285863 -0.464424 -0.561777 -0.391384
1 1 -0.364452 -0.351093 -0.291667 -0.475694 -0.57704 -0.4005
